image: 1701.pgm
resolution: 0.070000
origin: [-10.010000, -10.010000, 0.000000]
negate: 0
occupied_thresh: 0.65
free_thresh: 0.196

